17.239627164278943,10.937335424993984,45.81697348683477,0.0,0.0,-18.0563473798552,1,0,0,
15.048352619201621,8.248256930417348,96.68763842515817,0.0,0.0,20.592683024833484,3,0.29811254173576474,0,
0.04463866246937398,10.703836854231607,74.62099870366784,0.0,0.0,18.126192029644834,3,2.2841101166698947,0,
9.731682987899017,6.694564311189266,9.716352956123075,0.0,0.0,21.214433598137106,3,8.125528233948923,0,
5.810782121441593,8.928030441881372,62.30552216207674,0.0,0.0,-18.91409038079213,1,0,0,
6.457675772405516,12.018822129001897,53.7779557565659,0.0,0.0,18.52761761612062,3,4.159983981909068,0,
1.1788855404527965,4.654939340623365,20.777963049749026,0.0,0.0,21.282514517972217,3,7.129983325522589,0,
9.526994198285019,16.933335265174303,65.86351291061769,0.0,0.0,20.045923890196878,3,3.0722838380444077,0,
11.16828423225843,7.075997178681388,80.59111663374438,0.0,0.0,21.602293617140404,3,1.7467995029630061,0,
11.43690291916643,18.646312416513236,82.6526639170897,0.0,0.0,21.097636131071916,3,1.5612602474619275,0,
0.5452382009302448,7.3166593933178685,43.13924957961266,0.0,0.0,18.84877909714368,3,5.117467537834861,0,
5.067578793973146,18.509233920861476,91.36080950181467,0.0,0.0,20.41699414322409,3,0.7775271448366796,0,
2.638722377472844,14.93300367890459,58.019217316909064,0.0,0.0,21.627004110526507,3,3.7782704414781842,0,
6.683375374679825,15.804284512818436,56.67251333486244,0.0,0.0,20.336177013601322,3,3.8994737998623803,0,
10.416009149709462,2.678587426809289,90.41554195527092,0.0,0.0,20.56944360991135,3,0.8626012240256168,0,
18.938444696630302,3.904068499883415,59.21018049266992,0.0,0.0,18.562996206311425,3,3.671083755659707,0,
0.7035050588849034,12.665334872046895,83.00277965831498,0.0,0.0,-21.72412711573896,1,0,0,
1.5847330024522766,2.183266340769674,43.68007326112552,0.0,0.0,-20.148548177556588,1,0,0,
2.4970685575715934,12.702767570539296,70.62946136576633,0.0,0.0,19.47859204020574,3,2.64334847708103,0,
14.546406024289409,0.45126987832051046,23.84544330407492,0.0,0.0,18.79362654619399,3,6.853910102633257,0,
17.765984086279268,0.9524510269463948,91.36583884180256,0.0,0.0,19.540369149856133,3,0.7770745042377699,0,
18.19783933744962,13.504683062239096,74.58397065946438,0.0,0.0,20.023306472086784,3,2.287442640648205,0,
3.1957507205575153,6.715140586795156,88.56524241177416,0.0,0.0,21.036538503097105,3,1.0291281829403252,0,
12.827211974963866,1.5671769675336389,51.12605626440413,0.0,0.0,20.85343058246119,3,4.398654936203628,0,
0.21587272914131317,6.7527096791130585,43.91187939619895,0.0,0.0,21.602700140856903,3,5.047930854342095,0,
3.533726010719689,7.136221010413548,96.90633706787864,0.0,0.0,19.324786485868643,3,0.27842966389092255,0,
15.725577084431144,13.944741908805803,9.170114700158226,0.0,0.0,18.43498717691082,3,8.174689676985759,0,
19.81371839734639,15.848268657963676,30.483359780870412,0.0,0.0,19.64728524429099,3,6.256497619721663,0,
6.499166094402589,5.192210225781562,50.015101936412144,0.0,0.0,20.869169993245972,3,4.498640825722907,0,
9.6134398530255,6.312007402782793,13.69602681541342,0.0,0.0,19.004749592108116,3,7.767357586612792,0,
1.2199291486848796,16.098663124760733,94.40606476781784,0.0,0.0,19.174844315627904,3,0.5034541708963945,0,
9.637123900796887,16.426677415047603,21.339867913675757,0.0,0.0,18.225982114144937,3,7.079411887769181,0,
6.608293559065559,9.237333707424293,30.539252055333222,0.0,0.0,18.12636658530053,3,6.25146731502001,0,
7.979032459368931,14.360456918094133,93.22262751727136,0.0,0.0,18.24643426236573,3,0.6099635234455774,0,
2.6927746158646304,0.31212061614242836,34.949059567412924,0.0,0.0,20.996953991051228,3,5.854584638932838,0,
18.96498493015567,14.062999175077195,82.96810400734849,0.0,0.0,21.431340278461054,3,1.5328706393386364,0,
18.86471259676913,16.434947068465732,54.25890122403359,0.0,0.0,21.408256074178368,3,4.116698889836977,0,
13.590221056289044,18.382497749632257,28.71311856002724,0.0,0.0,20.44066201964627,3,6.415819329597548,0,
0.7234116115236944,17.39739055883945,37.27921330126265,0.0,0.0,18.24676187236242,3,5.644870802886361,0,
4.852712942701023,19.889588322254628,28.21194438908565,0.0,0.0,21.63791642558231,3,6.4609250049822915,0,
18.78173560656537,8.744055102580546,75.08702111371505,0.0,0.0,-21.3334284833956,1,0,0,
3.7874747720930446,17.63267617431146,68.30088609987209,0.0,0.0,20.403932794631,3,2.8529202510115126,0,
10.312247252993396,10.024121813204784,18.81400045731807,0.0,0.0,18.556881524611473,3,7.306739958841373,0,
4.86045352000448,7.744565956622996,54.476922536327166,0.0,0.0,20.65700806316884,3,4.097076971730555,0,
3.3518539514105594,14.801039081564886,87.00037188391624,0.0,0.0,21.87002271551753,3,1.169966530447538,0,
11.629093168109206,17.060554015315333,6.286103684167921,0.0,0.0,20.01354917948938,3,8.434250668424886,0,
10.68428647948143,12.854956734335069,88.65989895902648,0.0,0.0,19.385231411793754,3,1.020609093687617,0,
7.54670553172669,1.2776409050063275,71.17208960674012,0.0,0.0,19.851050558581044,3,2.59451193539339,0,
6.320865086433358,7.335861193773998,8.79123964398797,0.0,0.0,19.98203200932908,3,8.208788432041082,0,
3.595722978772098,2.8435524164717063,26.95995538096827,0.0,0.0,-20.17676055573659,1,0,0,
13.12570016415285,14.076013228719573,30.05786058490324,0.0,0.0,20.218006991828318,3,6.294792547358709,0,
17.57287799562274,15.074855230864268,92.4221063896414,0.0,0.0,19.367188645988985,3,0.682010424932274,0,
2.6930405897168597,5.291059799616784,82.57520083978469,0.0,0.0,21.026575806210992,3,1.5682319244193783,0,
16.100963368075305,11.612445682881152,26.213333267005613,0.0,0.0,20.33001958317875,3,6.640800005969495,0,
1.2368422538788626,7.664506234774211,70.94524166077137,0.0,0.0,21.302596384611128,3,2.614928250530576,0,
4.760115673193582,15.322934662855644,2.7339970056253327,0.0,0.0,21.157370512721833,3,8.753940269493722,0,
19.961586429630913,5.212299161645182,39.306435505875825,0.0,0.0,18.565027713201523,3,5.462420804471176,0,
19.39056773369889,18.539209523608978,22.011075537241165,0.0,0.0,19.3461583476563,3,7.019003201648295,0,
4.163222888045026,2.35605854690353,62.170915064121736,0.0,0.0,-18.273706014089818,1,0,0,
13.70757872805537,15.606961174234526,20.12295373498868,0.0,0.0,18.178778989623854,3,7.188934163851019,0,
8.848060326279619,13.760932142734838,11.23755426629456,0.0,0.0,21.180334728723714,3,7.98862011603349,0,
11.578244069875401,11.813561207754118,92.50114384892412,0.0,0.0,18.817801034075597,3,0.6748970535968296,0,
13.788534233408232,6.316226025360527,32.466895502363755,0.0,0.0,19.523033817076154,3,6.077979404787262,0,
16.1945608284291,13.630484119608733,58.91872863331865,0.0,0.0,19.494232141212663,3,3.6973144230013215,0,
17.855806790376747,6.71884282901452,24.27415737932719,0.0,0.0,-21.82036679330058,1,0,0,
2.100322338469618,5.432966645764806,97.89446502654631,0.0,0.0,19.911478373503684,3,0.18949814761083175,0,
4.116776707881145,19.227745975030267,28.041682879470585,0.0,0.0,21.21686266344186,3,6.476248540847647,0,
5.002345384970475,7.612874093981901,12.731309457005613,0.0,0.0,19.31015422004154,3,7.854182148869495,0,
0.061424903821885035,15.10089064200385,57.85560023947559,0.0,0.0,21.72956673684867,3,3.7929959784471965,0,
1.8103287047380978,7.1801705793286725,29.765254638535932,0.0,0.0,21.5437052207758,3,6.321127082531766,0,
13.77852976958625,10.12837662889427,46.53582299178826,0.0,0.0,21.85639257800056,3,4.811775930739056,0,
9.859776618175207,8.833148819897733,14.117968335660303,0.0,0.0,20.233227227444925,3,7.729382849790572,0,
10.740263895600553,12.363684565668295,19.560995581335703,0.0,0.0,19.41377905691575,3,7.239510397679787,0,
17.13617303624735,0.389044207797431,7.844898842436631,0.0,0.0,19.162740902839303,3,8.293959104180704,0,
13.443581697986478,13.490949526364124,29.768647904184952,0.0,0.0,18.869531072813423,3,6.320821688623355,0,
13.323558273516891,13.764173336577016,32.96623607697078,0.0,0.0,19.09061884854279,3,6.03303875307263,0,
17.022618442880994,6.626190431635144,43.81040032170311,0.0,0.0,18.80568925958345,3,5.05706397104672,0,
19.32444571356395,13.419249316206814,78.17484594491397,0.0,0.0,21.970791459083486,3,1.9642638649577429,0,
0.19836563833800946,11.118622732797778,32.67470553904569,0.0,0.0,-20.212538918761673,1,0,0,
5.45831052841673,8.88128531300033,7.414635649510226,0.0,0.0,20.805028592946357,3,8.332682791544078,0,
8.076199258338423,7.8192041646034856,52.71676346483504,0.0,0.0,21.47931586065328,3,4.255491288164847,0,
14.47851818868929,8.2675857134008,18.445328236056767,0.0,0.0,18.087904763568616,3,7.339920458754891,0,
12.915410628035113,8.107888776874884,64.93620284699115,0.0,0.0,18.390232458796202,3,3.1557417437707964,0,
15.058556857056661,18.99284847741071,79.4012067331223,0.0,0.0,20.42032124074634,3,1.8538913940189934,0,
5.246208192451958,7.46871256403447,94.24463485175978,0.0,0.0,20.25212342104698,3,0.5179828633416195,0,
13.079016213281891,4.35633126436636,74.27587789742994,0.0,0.0,18.474064846777758,3,2.3151709892313055,0,
12.570717250958017,4.019310439438149,15.613563348920756,0.0,0.0,18.22911571976966,3,7.594779298597132,0,
16.42244276185,1.5412556084779516,20.830678188053973,0.0,0.0,18.95978542305513,3,7.125238963075142,0,
8.857323358819215,16.364862467673568,62.17751327761677,0.0,0.0,20.39807212345773,3,3.404023805014491,0,
1.2044599275669299,8.47799962940546,22.57798526316054,0.0,0.0,21.994997131252493,3,6.967981326315551,0,
9.992450049363864,18.479822289497818,13.547996441075338,0.0,0.0,20.326087598087987,3,7.780680320303219,0,
14.48839195682037,9.427938242911253,84.24369711025703,0.0,0.0,20.477276433735305,3,1.4180672600768673,0,
14.078226107647097,8.233840793079342,95.21054988895933,0.0,0.0,19.982613849682274,3,0.43105050999365985,0,
5.658527683630162,16.72647262043414,89.15800303206588,0.0,0.0,19.578352602968565,3,0.975779727114071,0,
14.25294471617045,3.218285908415439,20.553066633426774,0.0,0.0,19.081847454523434,3,7.1502240029915916,0,
17.74140551348027,1.6126533370458862,64.54109973901836,0.0,0.0,21.96742717201151,3,3.1913010234883474,0,
4.062482943141634,4.173313394863554,99.4476049867324,0.0,0.0,19.965075429460363,3,0.049715551194083926,0,
9.756884973639695,5.269270182221327,20.937766616126318,0.0,0.0,18.2196477552023,3,7.115601004548632,0,
5.468837388474266,11.752552388103565,56.91639035722168,0.0,0.0,-19.0542589623171,1,0,0,
1.0815131990779325,3.378934230460411,59.52425035323316,0.0,0.0,18.858845995400458,3,3.642817468209016,0,
