8.269533265025363,7.538242041812396,14.691258902725245,0.0,0.0,20.682859189228537,4,7.677786698754727,0,
3.1276915812618755,9.313334887092443,99.64082486668326,0.0,0.0,18.416512149079242,3,0.03232576199850655,0,
17.971412757304172,8.564362653338849,6.186528499033828,0.0,0.0,21.177103032428267,4,8.443212435086956,0,
11.212236567697838,18.278089339417207,43.96748346478395,0.0,0.0,21.422629689507545,4,5.042926488169444,0,
4.571812733683802,18.552990190074176,24.940887660166013,0.0,0.0,21.44191396054294,3,6.755320110585059,0,
10.327541000316184,14.747898379186132,11.764290550198409,0.0,0.0,20.932837500602737,1,0,0,
1.0904591634009697,16.195419587791285,9.336596551823407,0.0,0.0,21.12232302432445,4,8.159706310335894,0,
5.909088960624498,18.074346181634983,33.49140647921563,0.0,0.0,19.443832393768503,3,5.985773416870594,0,
1.6702703767182925,5.81206399033044,35.69956375098867,0.0,0.0,18.423440027816454,4,5.787039262411019,0,
5.105108987483464,17.58545000406812,91.03714679510793,0.0,0.0,21.40574159100719,3,0.8066567884402863,0,
10.309132775428981,1.2903915713373593,15.926843812430857,0.0,0.0,18.62799859055656,3,7.566584056881222,0,
3.833503764380315,11.966963846470195,11.281622069130604,0.0,0.0,20.79434208735413,4,7.984654013778245,0,
5.67542145172613,16.5629119611646,56.791600541320705,0.0,0.0,20.240784423408673,4,3.8887559512811367,0,
18.09203523148267,19.499880900993002,37.85393546888069,0.0,0.0,19.866883296292713,4,5.593145807800738,0,
2.1237947842855442,7.754609172816796,17.115434217586113,0.0,0.0,19.474487489050777,3,7.4596109204172505,0,
1.2502220227347705,8.209878516883109,65.78146140203191,0.0,0.0,19.297641453955652,4,3.079668473817128,0,
14.552136924797285,2.4872120726630964,25.321193601861893,0.0,0.0,19.455379373752056,4,6.72109257583243,0,
0.11233093461082033,12.937801048344893,10.038533133651983,0.0,0.0,19.1871283344101,3,8.096532017971322,0,
12.45469863226302,9.877666184076974,56.99625239778561,0.0,0.0,18.217146655670582,4,3.870337284199295,0,
9.821941206661602,14.245949632002946,68.44719161256052,0.0,0.0,19.83964986231068,3,2.8397527548695534,0,
5.986340135028927,15.778784099705572,56.58833243797615,0.0,0.0,20.999433172054808,3,3.9070500805821466,0,
10.965012980581443,8.602938961574612,90.71177093514189,0.0,0.0,19.31019960882426,4,0.8359406158372303,0,
18.80895083034521,10.647737779089887,77.74123532989633,0.0,0.0,20.057605085369623,1,0,0,
8.854112237342218,2.01815815675078,49.40001646951807,0.0,0.0,20.26739584601254,1,0,0,
18.718109495096826,2.1131642794519667,85.16697634750716,0.0,0.0,18.41630788393764,4,1.3349721287243557,0,
16.432635290227676,10.423470674747463,87.48698919594082,0.0,0.0,20.700220164835454,3,1.126170972365326,0,
15.844023626194852,3.06384987111209,39.1208243076022,0.0,0.0,18.6717264298294,4,5.479125812315803,0,
6.530424660772047,17.365205161127136,37.041786719226025,0.0,0.0,20.44974191678781,3,5.666239195269657,0,
19.884345286098636,0.7898990347417434,95.24160209942734,0.0,0.0,20.625592055041007,4,0.4282558110515394,0,
19.048513600626823,0.8249315930214007,95.87683550287998,0.0,0.0,21.706326677124295,1,0,0,
14.32584494939972,16.128891237973257,15.198028986239699,0.0,0.0,18.169585541952216,3,7.632177391238426,0,
16.306920630155485,13.275780835983262,31.87552236843979,0.0,0.0,19.83071325847171,4,6.131202986840419,0,
11.603849754446586,7.2987978783765755,81.01118740042294,0.0,0.0,18.688429046673654,3,1.7089931339619353,0,
7.817832311866169,18.6986575143296,92.17172155977269,0.0,0.0,21.8419735493616,4,0.7045450596204578,0,
12.603350080318778,2.6822668125661786,98.52766303543541,0.0,0.0,19.630589228987606,4,0.13251032681081312,0,
14.139957559054166,6.553243700826538,98.74969378761878,0.0,0.0,20.3802549154779,3,0.11252755911430967,0,
9.477342517633092,9.85957556666381,59.11598788784372,0.0,0.0,19.871236172611294,3,3.6795610900940647,0,
10.552479714174678,18.782926201397384,88.036762997497,0.0,0.0,21.506821417250546,3,1.0766913302252705,0,
5.6725159219184595,18.727113924459935,98.81755899210849,0.0,0.0,18.956176709258397,4,0.1064196907102361,0,
8.024106068155207,1.8593919620249943,21.600175103617183,0.0,0.0,19.684277014703643,4,7.055984240674454,0,
8.311502571945038,5.8231668377875545,16.788038202938083,0.0,0.0,20.291201105589618,4,7.489076561735573,0,
13.586341846687755,3.9638381400111933,45.88253289594705,0.0,0.0,18.814750966935424,1,0,0,
10.766397965077362,5.000949527471219,41.894178817804494,0.0,0.0,21.382040966742185,4,5.229523906397596,0,
8.049229407135854,6.2902475220780545,17.640051154667212,0.0,0.0,19.91781660403998,4,7.412395396079951,0,
19.56902512801051,16.218867906476635,11.864779668101978,0.0,0.0,20.211315376486297,3,7.932169829870823,0,
13.330030315526818,19.896955441049418,93.87701746869126,0.0,0.0,20.380447704453537,4,0.5510684278177862,0,
11.434939641076923,4.648814282390655,71.60183501177345,0.0,0.0,18.899777245933535,3,2.55583484894039,0,
16.46337561912351,19.217249274599215,82.13005109112207,0.0,0.0,19.925988199213457,4,1.6082954017990136,0,
17.474458860788104,5.143165839332657,25.63112409995395,0.0,0.0,19.119653230590437,3,6.693198831004144,0,
14.712648661437482,5.684207710465767,72.14508768850824,0.0,0.0,18.273883838601492,4,2.5069421080342584,0,
9.29085632652,7.629624741783257,63.501139158626806,0.0,0.0,18.48802728917392,3,3.2848974757235876,0,
3.4342284301091652,1.344789632067156,58.312550241948934,0.0,0.0,19.00345677920281,3,3.7518704782245957,0,
5.893903793048583,6.173275481896205,80.62585211451683,0.0,0.0,18.15162999047843,3,1.7436733096934853,0,
8.820436397561629,19.390311777365437,45.540222569682406,0.0,0.0,19.66515342944484,3,4.901379968728584,0,
12.218897086327019,0.1548909952611388,54.20140333120359,0.0,0.0,18.15426288298879,4,4.121873700191676,0,
9.1538565184796,19.50263665682364,88.85585942266823,0.0,0.0,18.266160089826094,4,1.0029726519598592,0,
18.970081747577332,8.514028024518847,4.225476228276714,0.0,0.0,18.13869089965714,3,8.619707139455095,0,
16.723813349530033,5.817547854692668,11.06186818232191,0.0,0.0,20.630155007025984,1,0,0,
10.778029591352198,5.803257778078175,80.36999301656832,0.0,0.0,19.85298028036403,3,1.7667006285088516,0,
0.2986065105919633,17.74567991394672,8.255888193553517,0.0,0.0,19.68793505419579,3,8.256970062580184,0,
0.4126200491916143,4.0921089783419085,4.182128113866346,0.0,0.0,21.487772266478107,3,8.623608469752028,0,
13.382743960231148,3.259954741036599,31.880829581395997,0.0,0.0,18.3791138775709,3,6.13072533767436,0,
17.89714663238659,11.968398637653102,93.21236184844732,0.0,0.0,21.30457334763902,3,0.6108874336397416,0,
13.019761948673585,0.9690623591745884,19.178311064730703,0.0,0.0,21.740574570759485,3,7.2739520041742365,0,
12.80819970080293,8.039233616748398,24.66355561443494,0.0,0.0,20.308061717199728,3,6.780279994700855,0,
13.743250522636362,8.906193992154686,9.824864179484427,0.0,0.0,20.990420488965356,3,8.115762223846403,0,
13.79116443087183,18.153018618736485,73.43327861639301,0.0,0.0,21.17908131742213,3,2.391004924524629,0,
14.370567630409681,4.118484734946312,74.82895098615974,0.0,0.0,18.512854772310607,1,0,0,
11.266769716200564,15.49583285095547,84.57338266740989,0.0,0.0,21.541648970427445,4,1.3883955599331101,0,
7.2456904340678285,8.661824884089288,9.43412526549846,0.0,0.0,21.714293752949043,3,8.150928726105139,0,
19.483449396161568,0.485069929805948,4.577819131414673,0.0,0.0,20.09603857071056,4,8.58799627817268,0,
14.452522157466127,6.3967782342735635,93.87865692463487,0.0,0.0,18.523446811224513,4,0.550920876782862,0,
9.347221363985243,4.557657849464487,48.05374364058953,0.0,0.0,21.345120878581973,3,4.675163072346942,0,
1.8934042903186143,15.751714356041951,14.71862071047031,0.0,0.0,19.6644023766477,4,7.6753241360576725,0,
18.234665974774565,13.881038971086959,38.51369636740842,0.0,0.0,18.485215171272035,4,5.533767326933242,0,
8.021147904592201,19.037928798301643,24.681144418143752,0.0,0.0,19.778583228361427,3,6.778697002367062,0,
0.33712345054023096,7.2801876471285425,53.93531390659785,0.0,0.0,18.536001300340825,3,4.145821748406194,0,
1.9213389473931808,2.6307706947751397,34.52686117700991,0.0,0.0,19.02509326359614,4,5.892582494069107,0,
3.454201647221107,16.047698454273334,92.02593119939374,0.0,0.0,20.795929219026196,3,0.7176661920545635,0,
10.654648423704067,15.016081090910461,34.141464368813544,0.0,0.0,20.0078657249796,3,5.927268206806781,0,
2.265139059461514,8.421469321580696,79.35018625919908,0.0,0.0,20.118611596369046,4,1.8584832366720831,0,
12.274130558006489,15.202654131955008,56.32393365339284,0.0,0.0,21.73867878316381,3,3.9308459711946444,0,
8.724104480343371,7.157908846207999,69.81197001269184,0.0,0.0,21.087478212177718,1,0,0,
11.46353617116008,8.463899843342746,86.74618816639595,0.0,0.0,20.224196376306878,3,1.1928430650243642,0,
14.782087030338761,11.643402575541996,34.862704084860994,0.0,0.0,20.874416202935038,4,5.862356632362511,0,
10.253005750103659,13.675651409094217,12.486093400830157,0.0,0.0,19.877581849802706,4,7.876251593925286,0,
6.324209875339982,13.463670639558835,99.27411550105279,0.0,0.0,19.811865376893568,4,0.06532960490524886,0,
16.075640657049263,3.6123446159322747,57.55538074080956,0.0,0.0,20.435253586829788,1,0,0,
9.33802665923233,19.2156987595808,15.33502632841548,0.0,0.0,20.730248933820526,4,7.6198476304426075,0,
19.079024080224777,7.776202188698829,98.81503852524224,0.0,0.0,18.408743375732502,3,0.10664653272819806,0,
11.367609689240641,10.899429036652613,49.80139083679038,0.0,0.0,18.765611569823776,1,0,0,
2.3306297012001043,12.573022165054358,93.48247135713063,0.0,0.0,20.516171966603576,4,0.5865775778582428,0,
14.80969211806954,17.801477334704764,81.1426466605644,0.0,0.0,20.952590708698303,4,1.6971618005492044,0,
9.32118260666732,19.309334023800822,93.99284517106888,0.0,0.0,20.853430137025157,4,0.5406439346038009,0,
17.921442213297553,5.961429894560959,68.63808833277977,0.0,0.0,19.776177673587195,4,2.8225720500498204,0,
4.5443584202433325,17.003698932950634,95.81903452252412,0.0,0.0,19.469585534126054,3,0.3762868929728292,0,
1.2711967668854962,6.20710540795444,6.307825849129656,0.0,0.0,21.958126997314835,3,8.43229567357833,0,
10.356448632555448,3.3043087503831425,45.15338710048038,0.0,0.0,19.371439630326467,3,4.936195160956766,0,
0.6862722107123687,18.628773887271354,75.45592401109023,0.0,0.0,20.9892939044229,3,2.208966839001879,0,
8.793333353183852,12.844044146082911,52.24269532633016,0.0,0.0,19.847294673425555,4,4.298157420630286,0,
